DRIVER
  os.environ['SMA_TSO_COSMOS_ELEMAT'] = '1'
  driver.registerSaveRule( UpdateRules.COPY, CheckPoints.ITER_COMPLETE, EventTimes.LAST, [ '*.ste*' ], 'SAVE.ste', '' )
  driver.registerSaveRule( UpdateRules.COPY, CheckPoints.ITER_COMPLETE, EventTimes.LAST, [ '*.lcd*' ], 'SAVE.ste', '' )
  driver.registerSaveRule( UpdateRules.COPY, CheckPoints.ITER_COMPLETE, EventTimes.LAST, [ '*.lcm*' ], 'SAVE.ste', '' )
END_

FEM_INPUT
  ID_NAME = 11320X_Anti-buckling_ring-Topology_Study_1_1
  FILE = 11320X_Anti-buckling_ring-Topology Study 1.NOD
END_

*SET_DB,rint,130,1

GROUP_DEF
  ID_NAME = FROZEN_AREA_ELEMS_GRP_1
  TYPE=ELEM
  FORMAT=LIST
  LIST_BEGIN
16,20,26,27,68,82,91,94,103,137,142,161,162,170,180,181,183,198,205,233,236,269,272,274,278,
288,293,304,305,312,341,360,399,423,437,443,454,499,504,510,511,514,515,541,553,574,575,577,
583,590,599,601,607,618,620,621,624,625,626,660,671,673,674,714,724,737,743,813,844,861,862,
877,933,935,936,937,946,953,961,962,969,1038,1043,1053,1141,1163,1165,1176,1183,1191,1219,
1274,1287,1292,1296,1297,1300,1303,1304,1309,1310,1312,1317,1325,1327,1329,1337,1340,1346,
1363,1379,1388,1389,1427,1431,1456,1472,1482,1504,1512,1520,1524,1541,1543,1544,1548,1554,
1555,1556,1557,1560,1561,1565,1572,1574,1578,1582,1583,1598,1609,1667,1697,1701,1703,1704,
1712,1713,1715,1723,1728,1730,1736,1747,1753,1756,1764,1765,1768,1769,1777,1778,1800,1810,
1822,1838,1861,1862,1883,1884,1886,1902,1906,1909,1917,1918,1944,1948,1958,1960,1999,2007,
2008,2019,2028,2034,2036,2042,2054,2055,2056,2058,2078,2152,2178,2188,2192,2225,2231,2232,
2254,2260,2263,2264,2279,2290,2296,2297,2298,2303,2307,2310,2311,2316,2326,2348,2449,2458,
2488,2507,2517,2519,2521,2550,2565,2605,2609,2615,2618,2621,2624,2634,2635,2650,2651,2672,
2675,2682,2683,2684,2687,2719,2760,2788,2809,2818,2829,2833,2834,2844,2851,2854,2855,2859,
2864,2872,2885,2886,2890,2894,2897,2904,2909,2916,2918,2986,3010,3015,3016,3035,3037,3047,
3067,3094,3096,3107,3147,3164,3184,3185,3188,3191,3197,3203,3208,3211,3219,3234,3235,3249,
3260,3264,3270,3278,3292,3300,3318,3322,3327,3380,3403,3407,3412,3441,3442,3446,3449,3453,
3465,3468,3476,3477,3479,3496,3499,3506,3512,3514,3517,3537,3542,3545,3546,3552,3556,3560,
3562,3567,3576,3579,3581,3583,3589,3593,3601,3603,3604,3653,3658,3662,3678,3684,3688,3693,
3699,3702,3703,3705,3730,3732,3744,3751,3757,3759,3763,3776,3797,3844,3848,3851,3852,3877,
3880,3882,3891,3893,3894,3913,3915,3916,3930,3939,3945,3947,3949,3952,3954,3956,3958,3966,
3979,3986,4012,4020,4090,4099,4139,4147,4162,4178,4186,4199,4204,4209,4214,4216,4220,4222,
4224,4227,4241,4242,4256,4261,4271,4278,4281,4283,4294,4296,4300,4306,4313,4319,4322,4326,
4330,4337,4339,4342,4352,4364,4372,4373,4374,4377,4380,4381,4414,4418,4425,4430,4436,4437,
4440,4441,4477,4479,4523,4525,4527,4563,4565,4574,4620,4634,4635,4641,4645,4646,4649,4683,
4692,4702,4707,4713,4722,4726,4739,4743,4744,4749,4752,4757,4760,4761,4764,4765,4771,4778,
4782,4788,4789,4792,4799,4810,4812,4820,4821,4828,4830,4832,4833,4837,4838,4842,4844,4846,
4847,4859,4866,4868,4870,4887,4888,4889,4896,4898,4900,4902,4910,4915,4916,4918,4919,4922,
5028,5102,5105,5107,5113,5118,5121,5129,5130,5135,5136,5140,5143,5150,5189,5190,5197,5198,
5199,5212,5226,5232,5233,5234,5240,5244,5248,5250,5258,5270,5273,5275,5282,5284,5289,5292,
5293,5302,5309,5317,5322,5326,5328,5338,5343,5352,5353,5382,5385,5400,5413,5414,5426,5427,
5466,5473,5505,5524,5530,5536,5590,5595,5596,5685,5696,5726,5728,5729,5744,5749,5755,5761,
5779,5782,5789,5805,5809,5816,5823,5830,5835,5856,5861,5868,5872,5881,5896,5910,5935,5939,
5944,5955,5960,5963,5970,5982,5987,5991,5995,6017,6021,6023,6025,6042,6043,6092,6111,6190,
6195,6196,6199,6207,6209,6210,6214,6218,6219,6226,6232,6233,6237,6244,6247,6253,6257,6261,
6263,6268,6273,6291,6306,6310,6311,6312,6316,6320,6325,6326,6329,6332,6343,6346,6349,6353,
6358,6360,6363,6365,6368,6376,6386,6388,6389,6390,6395,6400,6401,6406,6413,6414,6418,6425,
6427,6429,6431,6432,6436,6438,6450,6453,6455,6472,6476,6479,6480,6481,6490,6494,6497,6500,
6543,6546,6552,6553,6554,6563,6575,6582,6596,6604,6608,6613,6615,6654,6687,6694,6746,6768,
6772,6778,6800,6853,6862,6864,6867,6868,6870,6875,6879,6883,6886,6887,6891,6905,6916,6926,
6928,6934,6939,6940,6942,6943,6957,6979,6980,6981,6986,6987,6991,6995,6996,7000,7028,7035,
7090,7098,7133,7136,7247,7253,7255,7257,7258,7262,7264,7270,7273,7279,7291,7296,7304,7306,
7308,7309,7310,7312,7315,7318,7330,7348,7351,7352,7356,7358,7363,7364,7371,7372,7378,7384,
7387,7389,7391,7394,7398,7400,7406,7411,7419,7437,7444,7451,7484,7485,7491,7493,7494,7495,
7497,7502,7504,7517,7528,7533,7534,7535,7545,7551,7558,7568,7570,7636,7641,7651,7660,7661,
7678,7683,7686,7689,7730,7734,7750,7751,7762,7771,7806,7811,7812,7817,7856,7861,7862,7863,
7864,7871,7882,7888,7893,7923,7926,7927,7934,7944,7954,7955,7956,7957,7962,7964,7967,7971,
7973,7976,7977,7979,7986,7994,8001,8005,8009,8021,8032,8034,8035,8041,8045,8063,8067,8083,
8096,8156,8162,8166,8169,8170,8182,8185,8203,8204,8205,8209,8210,8212,8231,8258,8263,8264,
8274,8288,8297,8300,8311,8317,8319,8336,8363,8373,8382,8405,8416,8417,8421,8425,8451,8456,
8466,8470,8476,8480,8486,8492,8497,8510,8530,8532,8549,8557,8561,8563,8566,8570,8582,8585,
8589,8594,8598,8632,8633,8636,8643,8645,8654,8658,8659,8671,8676,8690,8695,8696,8716,8728,
8735,8751,8758,8771,8777,8786,8789,8838,8883,8892,8893,8894,8918,8925,8929,8944,8963,8985,
8989,9006,9020,9022,9058,9059,9061,9077,9079,9095,9097,9106,9107,9113,9117,9119,9123,9126,
9130,9134,9143,9152,9155,9162,9176,9177,9181,9185,9188,9189,9195,9198,9199,9200,9207,9209,
9213,9215,9218,9222,9223,9229,9233,9235,9240,9242,9250,9253,9255,9261,9263,9267,9272,9280,
9285,9287,9289,9291,9298,9325,9329,9341,9342,9370,9382,9407,9413,9418,9431,9432,9434,9480,
9524,9538,9541,9563,9574,9618,9628,9651,9653,9684,9691,9705,9708,9712,9787,9794,9799,9802,
9814,9821,9829,9859,9862,9865,9871,9877,9882,9904,9916,9932,9933,9935,9937,9942,9943,9951,
9970,9974,9975,9979,9980,9981,9990,9995,9997,10001,10004,10006,10011,10015,10016,10018,10029,
10036,10037,10051,10053,10060,10070,10073,10080,10085,10086,10092,10094,10097,10099,10101,
10108,10112,10114,10115,10118,10119,10122,10131,10135,10139,10143,10145,10148,10149,10154,
10155,10158,10172,10173,10176,10178,10179,10181,10193,10194,10199,10206,10211,10213,10221,
10222,10237,10238,10244,10245,10252,10258,10266,10267,10269,10274,10279,10281,10286,10290,
10292,10295,10297,10298,10300,10301,10303,10312,10313,10315,10316,10317,10318,10320,10325,
10332,10334,10339,10346,10351,10355,10358,10362,10365,10367,10375,10377,10387,10390,10391,
10395,10399,10401,10402,10411,10421,10423,10428,10432,10433,10435,10455,10459,10462,10466,
10467,10471,10476,10484,10491,10499,10507,10513,10520,10525,10526,10536,10539,10559,10569,
10581,10584,10593,10595,10599,10609,10611,10612,10615,10616,10617,10628,10631,10633,10637,
10647,10648,10669,10674,10680,10681,10689,10702,10716,10718,10720,10725,10732,10744,10748,
10749,10750,10752,10755,10761,10770,10773,10776,10786,10794,10796,10804,10811,10812,10816,
10818,10822,10827,10832,10838,10849,10864,10867,10878,10886,10895,10899,10921,10945,10946,
10947,10951,10981,10987,10989,10991,11000,11008,11015,11018,11028,11031,11050,11054,11071,
11073,11076,11077,11081,11084,11089,11114,11121,11124,11135,11138,11140,11145,11146,11148,
11157,11203,11205,11209,11212,11233,11243,11249,11263,11264,11273,11284,11297,11303,11313,
11318,11328,11335,11344,11354,11370,11376,11399,11405,11406,11407,11413,11423,11424,11436,
11437,11438,11439,11456,11472,11484,11503,11516,11531,11532,11535,11540,11546,11556,11566,
11567,11572,11574,11575,11580,11583,11589,11598,11603,11606,11608,11619,11620,11626,11631,
11632,11651,11671,11678,11688,11698,11699,11715,11720,11727,11747,11755,11770,11784,11818,
11830,11835,11840,11843,11844,11853,11858,11871,11881,11911,11916,11917,11928,11938,11951,
11964,11973,11976,12001,12031,12043,12045,12054,12061,12070,12076,12083,12093,12095,12117,
12130,12134,12193,12194,12200,12202,12206,12209,12217,12221,12228,12235,12243,12244,12252,
12255,12256,12280,12297,12303,12314,12320,12322,12323,12329,12336,12337,12351,12360,12375,
12384,12392,12408,12414,12421,12423,12425,12426,12428,12429,12433,12437,12440,12446,12448,
12458,12468,12475,12476,12483,12488,12496,12501,12508,12513,12517,12519,12527,12529,12530,
12537,12540,12552,12558,12562,12570,12572,12584,12585,12595,12613,12620,12626,12633,12652,
12657,12663,12685,12687,12700,12717,12730,12747,12749,12751,12753,12755,12759,12762,12793,
12811,12814,12823,12827,12833,12841,12867,12898,12900,12910,12929,12935,12944,12945,12946,
12951,12971,12988,12997,12998,13001,13002,13004,13005,13006,13019,13050,13056,13061,13066,
13069,13073,13074,13084,13094,13101,13102,13106,13110,13111,13124,13127,13144,13146,13153,
13159,13168,13176,13184,13185,13193,13205,13209,13224,13225,13234,13237,13243,13249,13255,
13274,13276,13278,13285,13305,13309,13311,13330,13343,13352,13358,13361,13364,13365,13370,
13391,13392,13394,13399,13401,13413,13414,13445,13453,13459,13460,13462,13472,13477,13486,
13491,13494,13495,13511,13515,13523,13529,13530,13533,13537,13538,13544,13555,13564,13579,
13582,13585,13588,13592,13593,13594,13596,13607,13608,13625,13628,13629,13630,13636,13638,
13643,13652,13655,13656,13659,13662,13663,13664,13665,13671,13685,13693,13700,13705,13710,
13715,13718,13723,13729,13733,13747,13764,13780,13786,13797,13803,13807,13809,13811,13812,
13820,13822,13838,13842,13860,13861,13871,13875,13880,13881,13883,13887,13889,13896,13899,
13902,13908,13914,13920,13926,13931,13935,13937,13941,13942,13948,13954,13955,13959,13965,
13966,13969,13972,13982,13991,14003,14006,14011,14015,14018,14025,14026,14028,14032,14035,
14037,14043,14044,14045,14046,14049,14061,14062,14064,14072,14078,14087,14092,14100,14106,
14126,14135,14139,14142,14146,14147,14150,14152,14153,14157,14159,14161,14167,14168,14171,
14172,14180,14181,14184,14191,14193,14194,14204,14220,14240,14244,14247,14248,14253,14259,
14261,14262,14265,14268,14274,14277,14281,14289,14293,14299,14305,14307,14331,14337,14356,
14370,14385,14389,14393,14395,14398,14402,14403,14404,14408,14410,14416,14427,14437,14452,
14453,14458,14461,14466,14473,14480,14481,14489,14493,14498,14503,14505,14510,14514,14522,
14527,14549,14555,14558,14574,14577,14580,14592,14599,14601,14604,14605,14620,14625,14627,
14630,14634,14637,14651,14653,14659,14664,14673,14684,14713,14718,14726,14750,14776,14786,
14793,14800,14814,14826,14911,14933,14941,14961,14974,14975,15023,15025,15028,15049,15056,
15064,15066,15097,15127,15137,15139,15143,15146,15152,15154,15160,15166,15168,15169,15173,
15185,15186,15189,15193,15202,15203,15214,15217,15221,15223,15260,15269,15351,15352,15363,
15366,15368,15408,15425,15448,15450,15492,15502,15539,15566,15571,15587,15592,15601,15625,
15630,15636,15641,15643,15644,15656,15659,15662,15667,15676,15686,15689,15692,15693,15697,
15699,15700,15702,15704,15706,15743,15755,15757,15790,15800,15805,15823,15860,15865,15867,
15872,15874,15937,15938,15939,15944,15947,15950,15957,15976,16006,16009,16011,16014,16015,
16018,16020,16024,16030,16032,16033,16034,16037,16047,16051,16053,16060,16061,16063,16065,
16073,16078,16080,16083,16085,16086,16098,16102,16107,16111,16116,16121,16124,16129,16133,
16134,16136,16139,16142,16145,16148,16150,16156,16160,16161,16167,16172,16173,16176,16181,
16183,16187,16196,16199,16200,16205,16208,16209,16210,16214,16220,16222,16226,16229,16239,
16240,16241,16247,16252,16256,16259,16260,16267,16275,16277,16283,16288,16291,16296,16297,
16301,16307,16312,16313,16317,16318,16323,16324,16331,16342,16350,16351,16352,16354,16368,
16374,16376,16378,16381,16385,16386,16387,16391,16405,16415,16420,16431,16433,16441,16457,
16468,16476,16477,16479,16482,16486,16487,16488,16489,16490,16491,16494,16507,16518,16519,
16526,16527,16531,16532,16538,16548,16552,16557,16562,16565,16566,16575,16581,16588,16589,
16603,16604,16605,16613,16623,16627,16633,16635,16638,16640,16645,16646,16654,16657,16659,
16664,16666,16667,16669,16676,16683,16698,16703,16704,16706,16708,16717,16719,16745,16751,
16756,16757,16768,16769,16781,16795,16796,16798,16804,16806,16812,16814,16816,16817,16826,
16860,16878,16880,16886,16902,16909,16927,16930,16941,16946,16958,16973,16982,16999,17001,
17010,17018,17023,17073,17075,17084,17091,17092,17100,17138,17145,17146,17158,17220,17273,
17301,17308,17310,17335,17355,17361,17366,17372,17391,17392,17396,17402,17412,17472,17478,
17491,17497,17499,17504,17507,17511,17522,17525,17538,17550,17551,17554,17579,17580,17592,
17599,17620,17622,17623,17627,17629,17647,17665,17681,17687,17715,17717,17718,17734,17736,
17743,17753,17761,17768,17772,17779,17803,17835,17844,17853,17871,17872,17877,17892,17893,
17895,17908,17911,17912,17928,17930,17932,17936,17952,18011,18056,18058,18062,18082,18097,
18100,18132,18148,18151,18154,18213,18248,18266,18275,18293,18296,18335,18339,18340,18347,
18352,18366,18368,18386,18388,18392,18396,18400,18412,18417,18418,18431,18432,18433,18441,
18449,18450,18453,18474,18492,18494,18495,18509,18511,18521,18523,18528,18543,18555,18566,
18567,18573,18583,18585,18600,18602,18609,18614,18644,18657,18660,18674,18695,18719,18723,
18729,18735,18738,18745,18746,18752,18755,18759,18760,18764,18770,18774,18792,18797,18800,
18801,18806,18812,18814,18819,18823,18830,18834,18841,18852,18854,18855,18857,18860,18862,
18869,18871,18877,18885,18887,18894,18899,18905,18908,18912,18924,18931,18940,18943,18958,
18959,18963,18969,18970,18974,18998,19001,19007,19009,19010,19017,19030,19033,19035,19053,
19054,19057,19061,19065,19069,19071,19072,19074,19079,19084,19086,19087,19124,19129,19142,
19150,19151,19154,19155,19165,19173,19176,19177,19178,19182,19184,19191,19193,19195,19196,
19200,19201,19208,19210,19211,19212,19215,19217,19219,19220,19225,19226,19227,19229,19234,
19236,19237,19243,19244,19248,19251,19258,19273,19277,19285,19286,19288,19304,19306,19310,
19311,19319,19324,19327,19332,19333,19334,19342,19344,19352,19357,19363,19364,19373,19375,
19376,19377,19378,19379,19382,19383,19387,19388,19390,19395,19397,19402,19404,19410,19413,
19422,19424,19426,19428,19429,19430,19431,19434,19435,19444,19451,19457,19458,19459,19463,
19464,19467,19469,19473,19482,19483,19484,19507,19523,19524,19555,19558,19562,19565,19583,
19606,19679,19718,19809,19826,19831,19838,19841,19846,19847,19848,19853,19878,19899,19904,
19933,19941,19944,19958,19974,19986,19991,19998,20019,20021,20048,20053,20110,20116,20118,
20153,20198,20213,20255,20261,20263,20265,20268,20291,20304,20308,20309,20317,20325,20326,
20330,20332,20334,20341,20356,20364,20388,20393,20495,20514,20530,20531,20545,20596,20601,
20605,20607,20613,20620,20627,20628,20635,20637,20639,20640,20643,20651,20654,20667,20673,
20676,20683,20685,20689,20696,20708,20715,20721,20722,20731,20733,20734,20739,20745,20746,
20751,20753,20754,20756,20759,20760,20764,20766,20774,20776,20783,20789,20790,20800,20806,
20807,20808,20810,20816,20820,20822,20823,20830,20831,20834,20837,20839,20849,20852,20865,
20867,20868,20874,20881,20882,20886,20890,20895,20905,20907,20908,20917,20918,20919,20921,
20922,20923,20929,20942,20947,20953,20955,20957,20962,20967,20970,20973,20978,20979,20997,
20999,21005,21007,21009,21025,21030,21033,21042,21057,21065,21086,21096,21100,21111,21120,
21123,21133,21135,21139,21141,21148,21157,21158,21161,21174,21180,21185,21191,21200,21217,
21218,21219,21229,21230,21231,21234,21249,21252,21253,21255,21261,21272,21284,21297,21300,
21303,21304,21317,21327,21335,21337,21351,21360,21363,21374,21385,21386,21392,21413,21421,
21443,21461,21470,21475,21479,21485,21486,21487,21560,21564,21594,21602,21613,21618,21622,
21637,21643,21647,21651,21659,21685,21688,21727,21742,21744,21747,21770,21775,21777,21778,
21787,21794,21801,21812,21814,21819,21864,21871,21872,21878,21896,21925,21937,21939,21942,
21943,21956,21962,21963,21973,21974,21978,21979,21980,21992,21999,22005,22007,22009,22013,
22035,22036,22047,22048,22060,22074,22076,22095,22098,22105,22111,22139,22140,22156,22158,
22177,22178,22194,22196,22206,22212,22213,22214,22232,22241,22243,22246,22248,22365,22369,
22372,22380,22381,22394,22399,22406,22412,22436,22444,22451,22456,22459,22479,22485,22489,
22496,22542,22543,22545,22562,22563,22564,22570,22575,22580,22588,22590,22593,22608,22609,
22616,22624,22632,22633,22645,22647,22650,22659,22661,22662,22671,22672,22673,22674,22677,
22706,22709,22716,22728,22734,22736,22743,22746,22752,22753,22754,22756,22764,22783,22784,
22785,22790,22798,22799,22804,22809,22811,22820,22832,22836,22837,22840,22844,22845,22852,
22856,22859,22867,22868,22880,22881,22896,22897,22899,22900,22906,22912,22919,22920,22921,
22930,22939,22951,22956,22963,22971,22977,22978,22982,22986,22987,22991,22992,23006,23007,
23013,23016,23019,23021,23030,23041,23042,23051,23052,23064,23067,23074,23075,23081,23083,
23085,23091,23092,23095,23102,23104,23107,23108,23126,23127,23131,23133,23142,23143,23149,
23154,23161,23164,23166,23168,23178,23179,23185,23188,23191,23193,23206,23210,23213,23218,
23219,23220,23227,23247,23257,23268,23275,23278,23280,23286,23295,23305,23311,23312,23313,
23315,23318,23320,23321,23322,23348,23359,23360,23364,23366,23377,23378,23384,23390,23392,
23394,23398,23399,23400,23405,23406,23415,23418,23432,23434,23440,23441,23445,23447,23454,
23455,23460,23461,23467,23473,23474,23479,23486,23580,23583,23588,23630,23648,23649,23724,
23725,23764,23779,23788,23806,23812,23819,23835,23869,23906,23917,23924,24004,24006,24009,
24018,24023,24024,24030,24035,24057,24073,24085,24097,24104,24105,24111,24166,24175,24189,
24199,24246,24276,24284,24289,24328,24333,24334,24335,24336,24338,24339,24342,24343,24344,
24358,24363,24369,24370,24371,24374,24375,24380,24387,24391,24393,24410,24411,24415,24419,
24426,24428,24431,24433,24436,24437,24440,24445,24447,24451,24453,24458,24460,24462,24464,
24465,24473,24478,24480,24489,24491,24495,24497,24508,24509,24510,24511,24512,24515,24518,
24519,24521,24527,24529,24535,24544,24559,24564,24570,24571,24573,24574,24579,24581,24582,
24594,24608,24611,24632,24635,24637,24639,24644,24652,24658,24671,24676,24677,24681,24682,
24687,24704,24736,24738,24739,24742,24749,24756,24761,24763,24764,24767,24771,24776,24783,
24786,24791,24793,24805,24809,24820,24826,24829,24850,24853,24861,24884,24886,24887,24907,
24909,24911,24917,24932,24934,24939,24944,24966,24970,25032,25037,25066,25067,25076,25077,
25128,25147,25152,25158,25164,25178,25181,25198,25203,25207,25216,25222,25226,25295,25307,
25309,25365,25373,25405,25416,25419,25425,25428,25450,25459,25464,25481,25485,25492,25506,
25523,25541,25593,25600,25626,25671,25720,25721,25723,25727,25728,25740,25777,25787,25790,
25798,25799,25813,25841,25844,25845,25847,25859,25863,25867,25869,25870,25871,25875,25881,
25885,25886,25890,25891,25895,25908,25918,25920,25925,25931,25933,25936,25940,25946,25957,
25964,25967,25985,25988,25992,25996,25998,25999,26004,26011,26013,26014,26018,26020,26031,
26033,26040,26050,26052,26062,26068,26072,26075,26078,26080,26089,26098,26102,26108,26109,
26111,26114,26116,26120,26123,26124,26144,26147,26150,26164,26166,26168,26170,26174,26176,
26177,26178,26182,26183,26188,26191,26197,26207,26208,26216,26218,26224,26230,26238,26240,
26241,26244,26245,26246,26250,26252,26258,26265,26268,26269,26271,26273,26274,26284,26287,
26296,26299,26305,26306,26307,26309,26310,26313,26315,26321,26325,26339,26341,26345,26354,
26361,26362,26365,26375,26376,26377,26378,26386,26394,26403,26406,26407,26420,26422,26425,
26428,26432,26438,26446,26450,26451,26453,26461,26467,26468,26477,26479,26485,26499,26503,
26509,26513,26516,26522,26523,26524,26525,26528,26530,26531,26532,26538,26539,26540,26543,
26544,26564,26566,26574,26583,26586,26656,26672,26705,26716,26759,26781,26805,26816,26817,
26828,26830,26833,26911,27080,27093,27109,27111,27113,27121,27141,27142,27143,27206,27236,
27243,27257,27283,27284,27285,27286,27293,27295,27327,27330,27334,27335,27338,27340,27343,
27353,27361,27368,27369,27372,27378,27379,27391,27392,27394,27397,27399,27400,27410,27411,
27418,27419,27420,27422,27428,27443,27454,27461,27466,27474,27483,27484,27485,27487,27489,
27496,27499,27500,27519,27525,27527,27529,27532,27534,27538,27540,27543,27550,27552,27564,
27566,27568,27578,27584,27585,27586,27587,27597,27612,27620,27621,27622,27639,27640,27643,
27644,27665,27668,27673,27678,27679,27680,27686,27697,27700,27704,27711,27719,27722,27723,
27731,27746,27760,27763,27764,27766,27773,27778,27779,27815,27822,27824,27859,27873,27875,
27903,27906,27913,27917,27923,27938,27948,27965,27974,27985,28027,28033,28054,28057,28082,
28086,28094,28095,28096,28100,28103,28105,28107,28109,28127,28147,28152,28154,28172,28173,
28183,28186,28210,28214,28260,28295,28299,28301,28383,28391,28392,28395,28397,28405,28413,
28418,28420,28422,28432,28440,28444,28445,28476,28501,28523,28549,28554,28560,28565,28566,
28568,28569,28585,28586,28588,28593,28616,28617,28618,28622,28628,28652,28653,28654,28697,
28703,28709,28712,28758,28763,28772,28802,28811,28816,28818,28836,28838,28841,28847,28849,
28862,28864,28871,28872,28878,28881,28885,28886,28887,28892,28908,28921,28926,28928,28942,
28943,28949,28961,28973,28974,28975,28979,28993,28997,28998,29006,29007,29009,29018,29027,
29055,29058,29068,29069,29073,29074,29075,29076,29079,29084,29090,29094,29114,29117,29118,
29120,29125,29126,29130,29133,29135,29140,29141,29158,29166,29168,29170,29172,29178,29185,
29193,29194,29195,29197,29199,29203,29206,29207,29208,29209,29212,29216,29220,29226,29231,
29242,29246,29249,29254,29256,29258,29268,29271,29275,29281,29282,29289,29294,29302,29307,
29310,29314,29318,29319,29327,29332,29334,29335,29340,29344,29347,29353,29383,29430,29457,
29459,29513,29515,29553,29554,29557,29564,29566,29575,29576,29589,29610,29685,29698,29700,
29702,29712,29746,29754,29760,29774,29778,29792,29800,29806,29826,29829,29852,29873,29926,
29927,29929,29943,29945,29959,29975,29983,29988,29995,30002,30007,30011,30014,30015,30016,
30017,30021,30022,30040,30042,30043,30044,30045,30046,30054,30055,30056,30057,30063,30065,
30082,30088,30089,30097,30100,30114,30117,30128,30131,30137,30139,30143,30145,30149,30151,
30156,30157,30173,30174,30177,30179,30182,30183,30208,30212,30214,30216,30224,30225,30226,
30229,30233,30248,30251,30252,30259,30261,30262,30266,30268,30272,30279,30281,30289,30318,
30347,30348,30354,30357,30369,30394,30404,30411,30415,30447,30451,30454,30460,30463,30465,
30483,30487,30498,30507,30508,30518,30532,30550,30551,30560,30563,30582,30586,30591,30617,
30623,30644,30646,30649,30650,30651,30664,30696,30732,30738,30747,30762,30777,30780,30781,
30794,30805,30809,30834,30836,30845,30871,30877,30881,30888,30889,30917,30918,30919,30923,
30928,30950,30953,30956,30976,30984,30993,31017,31030,31058,31076,31083,31090,31091,31094,
31099,31103,31107,31111,31133,31153,31154,31159,31171,31187,31197,31203,31214,31222,31226,
31227,31228,31233,31239,31249,31251,31253,31254,31259,31262,31272,31273,31276,31280,31281,
31282,31284,31289,31290,31295,31300,31302,31307,31311,31318,31319,31322,31327,31330,31331,
31332,31341,31343,31346,31348,31350,31359,31375,31381,31383,31389,31390,31391,31392,31398,
31403,31404,31412,31431,31435,31436,31441,31460,31464,31470,31485,31489,31495,31500,31502,
31509,31513,31521,31522,31528,31529,31535,31545,31554,31555,31558,31559,31568,31569,31572,
31573,31576,31579,31583,31584,31599,31609,31612,31613,31614,31620,31621,31625,31631,31637,
31641,31644,31652,31653,31656,31658,31665,31669,31673,31675,31682,31684,31686,31690,31697,
31704,31708,31717,31725,31726,31729,31736,31737,31743,31752,31920,31923,31926,31936,31946,
31965,31966,32032,32076,32100,32119,32120,32142,32146,32197,32212,32213,32231,32238,32241,
32244,32251,32260,32261,32266,32278,32279,32282,32287,32297,32298,32301,32302,32303,32307,
32309,32315,32334,32337,32341,32349,32353,32364,32368,32380,32381,32383,32394,32403,32409,
32413,32414,32422,32425,32448,32458,32499,32501,32503,32504,32510,32514,32519,32530,32535,
32539,32543,32546,32549,32577,32583,32604,32631,32674,32708,32713,32731,32747,32754,32766,
32768,32780,32785,32787,32788,32797,32801,32813,32817,32820,32824,32843,32869,32890,32894,
32930,32938,32968,32985,32989,32990,32993,32996,32997,33000,33025,33034,33054,33073,33085,
33090,33095,33109,33112,33181,33184,33208,33214,33215,33221,33222,33228,33245,33257,33262,
33269,33279,33282,33283,33313,33316,33318,33321,33331,33333,33348,33349,33350,33353,33354,
33357,33359,33364,33372,33374,33378,33383,33384,33388,33389,33400,33410,33412,33424,33433,
33434,33443,33455,33461,33464,33473,33475,33476,33483,33499,33500,33501,33502,33507,33508,
33528,33529,33534,33543,33548,33550,33557,33558,33561,33566,33567,33570,33571,33576,33578,
33582,33583,33588,33589,33596,33603,33608,33612,33620,33622,33629,33631,33632,33633,33645,
33652,33655,33660,33667,33668,33670,33671,33675,33676,33677,33681,33694,33697,33698,33699,
33701,33702,33709,33723,33725,33737,33738,33753,33755,33759,33760,33766,33779,33781,33783,
33794,33799,33809,33810,33811,33816,33819,33821,33825,33829,33830,33832,33835,33844,33848,
33904,33933,34070,34076,34077,34078,34080,34098,34103,34150,34155,34169,34201,34211,34212,
34213,34226,34228,34238,34249,34250,34252,34254,34259,34273,34277,34279,34296,34304,34305,
34309,34312,34316,34320,34322,34329,34333,34343,34350,34357,34372,34373,34390,34393,34412,
34416,34439,34447,34451,34456,34469,34476,34484,34488,34489,34500,34503,34511,34513,34525,
34535,34539,34543,34544,34548,34549,34551,34553,34564,34565,34569,34592,34593,34621,34644,
34701,34748,34760,34765,34785,34792,34793,34828,34840,34849,34867,34870,34871,34883,34888,
34889,34909,34912,34922,34955,34972,35007,35010,35014,35015,35061,35083,35086,35102,35139,
35148,35152,35164,35180,35185,35197,35209,35214,35215,35217,35228,35247,35262,35285,35295,
35296,35302,35303,35304,35321,35331,35345,35355,35360,35367,35371,35372,35384,35385,35389,
35395,35400,35405,35408,35411,35425,35426,35431,35437,35445,35446,35457,35460,35462,35468,
35472,35473,35474,35477,35511,35512,35519,35522,35534,35544,35546,35552,35555,35564,35565,
35569,35572,35587,35592,35594,35596,35598,35606,35608,35613,35620,35621,35622,35631,35633,
35639,35643,35648,35649,35653,35654,35662,35664,35673,35674,35679,35680,35684,35687,35697,
35700,35710,35712,35713,35721,35727,35732,35733,35736,35745,35746,35752,35759,35762,35764,
35766,35862,35882,35985,35989,35993,35999,36111,36114,36124,36125,36128,36129,36131,36148,
36150,36156,36157,36159,36169,36172,36175,36182,36188,36194,36201,36206,36210,36211,36215,
36225,36231,36243,36251,36255,36256,36264,36270,36271,36282,36289,36294,36299,36304,36311,
36321,36325,36328,36341,36343,36360,36363,36364,36367,36404,36434,36439,36449,36480,36487,
36492,36520,36533,36534,36540,36546,36548,36552,36568,36571,36575,36579,36582,36589,36598,
36600,36622,36648,36651,36655,36667,36671,36676,36678,36683,36684,36701,36702,36708,36720,
36725,36727,36729,36735,36741,36763,36805,36814,36839,36842,36843,36853,36858,36868,36870,
36880,36901,36912,36962,36964,37001,37006,37020,37028,37031,37076,37083,37139,37201,37240,
37241,37267,37283,37337,37346,37348,37353,37370,37416,37439,37443,37451,37480,37482,37489,
37498,37502,37602,37624,37652,37655,37665,37675,37747,37751,37755,37793,37796,37846,37952,
37971,37993,38003,38011,38019,38028,38033,38036,38073,38091,38104,38105,38203,38214,38240,
38334,38350,38352,38361,38362,38395,38403,38404,38405,38408,38412,38459,38461,38464,38561,
38565,38566,38580,38589,38655,38683,38699,38717,38749,38769,38864,38872,38897,38898,38900,
38901,38904,38968,38987,38993,39013,39018,39020,39112,39125,39126,39202,39223,39227,39235,
39309,39423,39501,39546,39547,39548,39550,39553,39554,39556,39585,39595,39619,39686,39773,
39822,39829,39835,39883,40090,40091,40113,40115,40117,40118,40171,40231,40232,40233,40234,
40236,40423,40566,40583,40606,40815,40868,40912,40930,40955,41149,41248,41251,41389,41542,
41649,41862,41916,41920,41940,41943,41944,41949,42041,42043,42088,42094,42116,42270,42275,
42380,42381,42396,42461,42734,42738,42769,42777,42784,42894,42973,43009,43068,43071,43108,
43109,43149,43169,43204,43211,43290,43294,43314,43475,43624,43728,43763,43786,43812,43823,
43834,43852,43918,43922,43940,44021,44089,44094,44157,44224,44256,44406,44442,44443,44481,
44596,44700,44760,44766,44813,44816,45000,45222,45286,45444,45467,45472,45550,45578,45615,
45659,45665,45740,46107,46108,46116,46205,46210,46537,46557,46567,46579,46745,46750,46754,
46784,47135,47162,47220,47236,47363,47503,47659,47660,47661,47834,47845,47880,47918,48108,
48111,48161,48297,48309,48313,48373,48599,48720,48753,48758,48800,49032,49034,49100,49179,
49267,49364,49365,49372,49387,49622,49707,49738,49878,49884,50066,50133,50273,50313,50550,
50650,50661,50778,50921,50922,50989,51059,51248,51563,51606,51663,51851,51870,51924,52014,
52177,52178,52264,52581,52597,52712,52830,52860,52899,52944,53094,53139,53348,53358,53447,
53525,53609,53805,53830,53933,53969,54310,54335,54354,54435,54441,54497,54617,54643,54714,
54971,55012,55056,55101,55230,55254,55449,55463,55481,55482,55514,55533,55548,55580,55665,
55704,55760,55905,55981,56010,56173,56347,56366,56375,56406,56425,56439,56440,56454,56630,
56686,56779,56791,56793,56918,56924,57003,57011,57059,57063,57133,57376,57523,57531,57580,
57643,58068,58104,58171,58467,58510,58580,58621,58662,58713,58794,58960,59070,59081,59090,
59098,59126,59172,59204,59328,59361,59404,59455,59477,59483,59496,59502,59505,59521,59525,
59528,59652,59673,59688,59804,59847,59924,59934,59965,60026,60079,60090,60091,60206,60209,
60350,60392,60448,60456,60523,60602,60765,60796,60820,60870,60880,60922,60941,61000,61058,
61082,61267,61284,61314,61383,61782,61819,61840,61858,61869,61992,61995,62039,62123,62203,
62434,62517,62775,62812,62916,63134,63388,63466,63683,63684,63707,63740,63843,63871,63988,
63999,64014,64075,64199,64220,64270,64460,64645,64772,64780,64897,64918,65007,65064,65098,
65170,65250,65256,65349,65601,65608,65671,65834,65921,65962,66028,66136,66185,66212,66244,
66394,66408,66444,66518,66575,66711,66733,66735,66797,66847,67026,67048,67066,67221,67440,
67472,67474,67475,67530,67536,67567,67823,71029,73929,75020,75309,75311,77274,77479,77538,
78884,79519,81224,82236,84568,84790,84792,86534,86737,87614,87844
END_

! ----------------------------------------------------------------
!
! Design Response: Stiffness_Measure
!
DRESP
  ID_NAME = Stiffness_Measure
  LIST = NO_LIST
  DEF_TYPE = SYSTEM
  EL_GROUP = ALL_ELEMENTS
  TYPE = ENERGY_STIFF_MEASURE
  GROUP_OPER = SUM
  LC_SEL = SUM 
  LC_SET = STATIC, ALL, ALL, MAX
END_

! ----------------------------------------------------------------
!
! Design Response: Mass_DResp_1
!
DRESP
  ID_NAME = Mass_DResp_1
  LIST = NO_LIST
  DEF_TYPE = SYSTEM
  EL_GROUP = ALL_ELEMENTS
  TYPE = WEIGHT
  GROUP_OPER = SUM
END_

! ----------------------------------------------------------------
!
!
! Design Area: Task1_DESIGN_AREA
!
DV_TOPO
  ID_NAME = Task1_DESIGN_AREA
  EL_GROUP = ALL_ELEMENTS
END_

! ----------------------------------------------------------------
!
! Objective Function: StiffnessEnergy_Obj_Func
!
OBJ_FUNC
  ID_NAME = StiffnessEnergy_Obj_Func
  DRESP = Stiffness_Measure, 1.0
  TARGET = MIN
END_

! ----------------------------------------------------------------
!
! Constraint: Mass_Constraint_1
!
CONSTRAINT
  ID_NAME = Mass_Constraint_1
  DRESP = Mass_DResp_1
  MAGNITUDE = REL
  LE_VALUE = 0.55
END_

! ----------------------------------------------------------------
!
! Geometric Restriction: Frozen_ManufacConstraint_2
!
DVCON_TOPO
  ID_NAME = Frozen_ManufacConstraint_2
  EL_GROUP = FROZEN_AREA_ELEMS_GRP_1
  CHECK_TYPE = FROZEN
END_

! ----------------------------------------------------------------
!
!
! Optimize: OPTIMIZE_1_TOPOLOGY_OPTIMIZATION_CONTROLLER 
!
OPTIMIZE
  ID_NAME = OPTIMIZE_1_TOPOLOGY_OPTIMIZATION_SENSITIVITY
  DV = Task1_DESIGN_AREA
  OBJ_FUNC = StiffnessEnergy_Obj_Func
  DVCON = Frozen_ManufacConstraint_2
  CONSTRAINT = Mass_Constraint_1
  STRATEGY = TOPO_SENSITIVITY
END_

OPT_PARAM
  ID_NAME = OPTIMIZE_1_TOPOLOGY_OPTIMIZATION_SENSITIVITY_OPT_PARAM_
  OPTIMIZE = OPTIMIZE_1_TOPOLOGY_OPTIMIZATION_SENSITIVITY
  DV_UPDATE_STRATEGY = CSA
  STABILIZATION = YES
  AUTO_FROZEN = BOTH
  AUTO_FROZEN_CON = BOTH
  STOP_CRITERION_LEVEL = BOTH
  STOP_CRITERION_OBJ = 0.001
  STOP_CRITERION_DENSITY = 0.005
END_

STOP
  ID_NAME = Task-1_GLOBAL_STOP_CONDITION_
  ITER_MAX = 75
END_

